date,confirmedCases,deaths,recovered,active,incidentRate,caseFatalityRatio
2020-03-27,8,0,0,8,0.014703235,0
2020-03-28,8,0,0,8,0.014703235,0
2020-03-29,10,0,0,10,0.018379044,0
2020-03-30,14,0,0,14,0.025730662,0
2020-03-31,15,1,0,14,0.027568566,6.666666667
2020-04-01,15,1,0,14,0.027568566,6.666666667
2020-04-02,20,1,0,19,0.036758088,5
2020-04-03,20,1,0,19,0.036758088,5
2020-04-04,21,1,0,20,0.038595992,4.761904762
2020-04-05,21,1,0,20,0.038595992,4.761904762
2020-04-06,22,1,0,21,0.040433897,4.545454545
2020-04-07,22,1,0,21,0.040433897,4.545454545
2020-04-08,22,3,0,19,0.040433897,13.63636364
2020-04-09,23,3,2,18,0.042271801,13.04347826
2020-04-10,27,3,2,22,0.049623419,11.11111111
2020-04-11,38,3,2,33,0.069840367,7.894736842
2020-04-12,41,4,2,35,0.075354081,9.756097561
2020-04-13,62,4,2,56,0.113950073,6.451612903
2020-04-14,63,4,2,57,0.115787977,6.349206349
2020-04-15,74,4,2,68,0.136004926,5.405405405
2020-04-16,85,4,2,79,0.156221874,4.705882353
2020-04-17,88,4,5,79,0.161735588,4.545454545
2020-04-18,98,5,5,88,0.180114632,5.102040816
2020-04-19,111,5,7,99,0.204007389,4.504504505
2020-04-20,119,5,7,107,0.218710624,4.201680672
2020-04-21,121,5,7,109,0.222386433,4.132231405
2020-04-22,123,5,7,111,0.226062242,4.06504065
2020-04-24,139,5,9,125,0.255468712,3.597122302
2020-04-25,144,5,9,130,0.264658234,3.472222222
2020-04-26,146,5,10,131,0.268334043,3.424657534
2020-04-27,146,5,10,131,0.268334043,3.424657534
2020-04-28,146,5,16,125,0.268334043,3.424657534
2020-04-29,150,5,16,129,0.275685661,3.333333333
2020-04-30,150,6,27,117,0.275685661,4
2020-05-01,151,6,27,118,0.277523565,3.973509934
2020-05-02,151,6,31,114,0.277523565,3.973509934
2020-05-03,151,6,37,108,0.277523565,3.973509934
2020-05-04,155,6,43,106,0.284875183,3.870967742
2020-05-05,161,6,49,106,0.295902609,3.726708075
2020-05-06,161,6,49,106,0.295902609,3.726708075
2020-05-07,161,6,50,105,0.295902609,3.726708075
2020-05-08,176,6,62,108,0.323471175,3.409090909
2020-05-09,177,6,67,104,0.325309079,3.389830508
2020-05-10,178,6,68,104,0.327146984,3.370786517
2020-05-11,180,6,72,102,0.330822793,3.333333333
2020-05-12,180,6,74,100,0.330822793,3.333333333
2020-05-13,180,6,76,98,0.330822793,3.333333333
2020-05-14,181,6,79,96,0.332660697,3.314917127
2020-05-15,181,6,84,91,0.332660697,3.314917127
2020-05-16,182,6,89,87,0.334498601,3.296703297
2020-05-17,182,6,96,80,0.334498601,3.296703297
2020-05-18,184,6,97,81,0.33817441,3.260869565
2020-05-19,191,6,101,84,0.351039741,3.141361257
2020-05-20,193,6,104,83,0.35471555,3.10880829
2020-05-21,199,6,108,85,0.365742976,3.015075377
2020-05-22,199,6,108,85,0.365742976,3.015075377
2020-05-23,199,6,116,77,0.365742976,3.015075377
2020-05-24,201,6,120,75,0.369418785,2.985074627
2020-05-25,201,6,122,73,0.369418785,2.985074627
2020-05-26,203,6,123,74,0.373094594,2.955665025
2020-05-27,206,6,124,76,0.378608307,2.912621359
2020-05-28,206,6,126,74,0.378608307,2.912621359
2020-05-29,206,6,126,74,0.378608307,2.912621359
2020-05-30,207,6,130,71,0.380446212,2.898550725
2020-05-31,224,6,130,88,0.411690586,2.678571429
2020-06-01,224,6,138,80,0.411690586,2.678571429
2020-06-02,228,6,138,84,0.419042204,2.631578947
2020-06-03,232,6,143,83,0.426393822,2.586206897
2020-06-04,233,6,145,82,0.428231726,2.575107296
2020-06-05,236,6,148,82,0.433745439,2.542372881
2020-06-06,236,6,151,79,0.433745439,2.542372881
2020-06-07,240,6,156,78,0.441097057,2.5
2020-06-08,242,6,156,80,0.444772866,2.479338843
2020-06-09,244,6,159,79,0.448448675,2.459016393
2020-06-10,246,6,159,81,0.452124483,2.43902439
2020-06-11,248,6,165,77,0.455800292,2.419354839
2020-06-12,260,6,165,89,0.477855145,2.307692308
2020-06-13,261,6,165,90,0.479693049,2.298850575
2020-06-14,261,6,167,88,0.479693049,2.298850575
2020-06-15,261,6,167,88,0.479693049,2.298850575
2020-06-16,262,6,175,81,0.481530954,2.290076336
2020-06-17,262,6,179,77,0.481530954,2.290076336
2020-06-18,262,6,185,71,0.481530954,2.290076336
2020-06-19,286,6,187,93,0.525640659,2.097902098
2020-06-20,286,6,192,88,0.525640659,2.097902098
2020-06-21,287,6,196,85,0.527478564,2.090592334
2020-06-22,290,6,200,84,0.532992277,2.068965517
2020-06-23,291,6,200,85,0.534830181,2.06185567
2020-06-24,292,6,204,82,0.536668086,2.054794521
2020-06-25,293,6,208,79,0.53850599,2.04778157
2020-06-26,293,6,211,76,0.53850599,2.04778157
2020-06-27,293,6,215,72,0.53850599,2.04778157
2020-06-28,296,6,216,74,0.544019704,2.027027027
2020-06-29,299,6,218,75,0.549533417,2.006688963
2020-06-30,299,6,221,72,0.549533417,2.006688963
2020-07-01,299,6,222,71,0.549533417,2.006688963
2020-07-02,303,6,222,75,0.556885034,1.98019802
2020-07-03,304,6,223,75,0.558722939,1.973684211
2020-07-04,306,6,237,63,0.562398748,1.960784314
2020-07-05,313,6,240,67,0.575264078,1.916932907
2020-07-06,313,6,241,66,0.575264078,1.916932907
2020-07-07,316,6,245,65,0.580777792,1.898734177
2020-07-08,316,6,245,65,0.580777792,1.898734177
2020-07-09,317,6,250,61,0.582615696,1.892744479
2020-07-10,321,6,254,61,0.589967314,1.869158879
2020-07-11,326,6,256,64,0.599156836,1.840490798
2020-07-12,330,6,260,64,0.606508453,1.818181818
2020-07-13,331,6,261,64,0.608346358,1.812688822
2020-07-14,336,6,261,69,0.61753588,1.785714286
2020-07-15,337,6,261,70,0.619373784,1.78041543
2020-07-16,337,6,266,65,0.619373784,1.78041543
2020-07-17,339,6,270,63,0.623049593,1.769911504
2020-07-18,339,6,271,62,0.623049593,1.769911504
2020-07-19,340,6,273,61,0.624887497,1.764705882
2020-07-20,341,6,276,59,0.626725402,1.759530792
2020-07-21,341,6,278,57,0.626725402,1.759530792
2020-07-22,341,6,280,55,0.626725402,1.759530792
2020-07-23,343,6,280,57,0.63040121,1.749271137
2020-07-24,343,6,280,57,0.63040121,1.749271137
2020-07-25,346,6,286,54,0.635914924,1.734104046
2020-07-26,348,6,288,54,0.639590733,1.724137931
2020-07-27,350,6,290,54,0.643266541,1.714285714
2020-07-28,350,6,292,52,0.643266541,1.714285714
2020-07-29,351,6,293,52,0.645104446,1.709401709
2020-07-30,351,6,294,51,0.645104446,1.709401709
2020-07-31,353,6,295,52,0.648780255,1.699716714
2020-08-01,353,6,296,51,0.648780255,1.699716714
2020-08-02,353,6,297,50,0.648780255,1.699716714
2020-08-03,353,6,298,49,0.648780255,1.699716714
2020-08-04,355,6,302,47,0.652456063,1.690140845
2020-08-05,356,6,302,48,0.654293968,1.685393258
2020-08-06,357,6,305,46,0.656131872,1.680672269
2020-08-07,357,6,308,43,0.656131872,1.680672269
2020-08-08,359,6,309,44,0.659807681,1.671309192
2020-08-09,359,6,311,42,0.659807681,1.671309192
2020-08-10,360,6,312,42,0.661645585,1.666666667
2020-08-11,360,6,312,42,0.661645585,1.666666667
2020-08-12,360,6,313,41,0.661645585,1.666666667
2020-08-13,361,6,318,37,0.66348349,1.662049861
2020-08-14,369,6,321,42,0.678186725,1.62601626
2020-08-15,374,6,322,46,0.687376247,1.604278075
2020-08-16,374,6,324,44,0.687376247,1.604278075
2020-08-17,375,6,329,40,0.689214151,1.6
2020-08-18,376,6,331,39,0.691052056,1.595744681
2020-08-19,376,6,331,39,0.691052056,1.595744681
2020-08-20,394,6,333,55,0.724134335,1.52284264
2020-08-21,399,6,333,60,0.733323857,1.503759398
2020-08-22,435,6,337,92,0.799488416,1.379310345
2020-08-23,441,6,338,97,0.810515842,1.360544218
2020-08-24,450,6,341,103,0.827056982,1.333333333
2020-08-25,474,6,341,127,0.871166687,1.265822785
2020-08-26,504,6,341,157,0.926303819,1.19047619
2020-08-27,580,6,345,229,1.065984554,1.034482759
2020-08-28,602,6,349,247,1.106418451,0.996677741
2020-08-29,643,6,349,288,1.181772532,0.933125972
2020-08-30,749,6,351,392,1.376590398,0.801068091
2020-08-31,775,6,352,417,1.424375913,0.774193548
2020-09-01,882,6,354,522,1.621031684,0.680272109
2020-09-02,919,6,357,556,1.689034147,0.652883569
2020-09-03,995,6,358,631,1.828714882,0.603015075
2020-09-04,1111,6,359,746,2.041911793,0.540054005
2020-09-05,1171,7,359,805,2.152186057,0.597779675
2020-09-06,1319,8,371,940,2.424195909,0.606520091
2020-09-07,1419,8,385,1026,2.607986349,0.563777308
2020-09-08,1518,8,388,1122,2.789938885,0.527009223
2020-09-09,1807,12,460,1335,3.321093258,0.664084117
2020-09-10,2009,14,553,1442,3.692349947,0.696864111
2020-09-11,2150,14,625,1511,3.951494468,0.651162791
2020-09-12,2422,14,625,1783,4.451404466,0.578034682
2020-09-13,2796,16,676,2104,5.138780713,0.572246066
2020-09-14,3015,24,699,2292,5.541281777,0.7960199
2020-09-15,3195,32,790,2373,5.87210457,1.001564945
2020-09-16,3636,39,832,2765,6.682620412,1.072607261
2020-09-17,3894,46,908,2940,7.156799748,1.181304571
2020-09-18,4299,61,944,3294,7.901151032,1.418934636
2020-09-19,4621,75,1130,3416,8.49295625,1.623025319
2020-09-20,5263,81,1188,3994,9.672890877,1.539046171
2020-09-21,5805,94,1260,4451,10.66903506,1.619293712
2020-09-22,6471,100,1445,4926,11.8930794,1.545356205
2020-09-23,6959,116,1951,4892,12.78997675,1.666906165
2020-09-24,7827,133,2085,5609,14.38527777,1.699246199
2020-09-25,8515,155,2381,5979,15.649756,1.820317087
2020-09-26,9112,174,2381,6557,16.74698493,1.909569798
2020-09-27,9991,198,2681,7112,18.3625029,1.981783605
2020-09-28,10734,226,2862,7646,19.72806587,2.105459288
2020-09-29,11631,256,3073,8302,21.37666612,2.20101453
2020-09-30,12425,284,3391,8750,22.83596222,2.285714286
2020-10-01,13373,310,3755,9308,24.57829559,2.318103642
2020-10-02,14383,321,4156,9906,26.43457904,2.231801432
2020-10-03,15525,353,4378,10794,28.53346587,2.273752013
2020-10-04,16503,371,4795,11337,30.33093638,2.248076107
2020-10-05,17794,412,5195,12187,32.70367096,2.315387209
2020-10-06,18781,444,5548,12789,34.51768261,2.364091369
2020-10-07,20033,471,5782,13780,36.81873892,2.351120651
2020-10-08,21433,510,6084,14839,39.39180509,2.379508235
2020-10-09,22445,535,6366,15544,41.25176434,2.383604366
2020-10-10,23906,566,6738,16602,43.93694268,2.367606459
2020-10-11,26064,598,7050,18416,47.90314038,2.294352363
2020-10-12,27974,646,9742,17586,51.41353779,2.309287195
2020-10-13,29314,664,10260,18390,53.87632969,2.26512929
2020-10-14,30437,693,11769,17975,55.94029634,2.276834116
2020-10-15,31325,732,13866,16727,57.57235545,2.3367917
2020-10-16,32351,765,14706,16880,59.45804537,2.364687336
2020-10-17,33488,799,15477,17212,61.54774267,2.385929288
2020-10-18,34875,838,16370,17667,64.09691608,2.402867384
2020-10-19,36025,880,17076,18069,66.21050615,2.442748092
2020-10-20,37205,914,17568,18723,68.37923334,2.456659051
2020-10-21,38502,945,18874,18683,70.76299535,2.454417952
2020-10-22,39696,972,18865,19859,72.95745321,2.448609432
2020-10-23,41008,1005,21144,18859,75.36878379,2.450741319
2020-10-24,42365,1038,22445,18882,77.86282007,2.450135725
2020-10-25,43788,1066,23708,19014,80.47815803,2.434456929
2020-10-26,44774,1095,24920,18759,82.29033177,2.445615759
2020-10-27,46200,1122,26007,19071,84.91118345,2.428571429
2020-10-28,47666,1147,27373,19146,87.60555131,2.406327361
2020-10-29,49072,1172,28636,19264,90.1896449,2.388327356
2020-10-30,50403,1199,30007,19197,92.63589566,2.378826657
2020-10-31,51496,1219,31330,18947,94.64472518,2.367174149
2020-11-01,52706,1237,32774,18695,96.8685895,2.346981368
2020-11-02,53405,1258,34189,17958,98.15328468,2.355584683
2020-11-03,54607,1282,37954,15371,100.3624458,2.347684363
2020-11-04,55804,1307,39063,15434,102.5624173,2.342126012
2020-11-05,56940,1330,40778,14832,104.6502767,2.335792062
2020-11-06,57935,1352,42178,14405,106.4789916,2.33364978
2020-11-07,59277,1376,43277,14624,108.9454593,2.321305059
2020-11-08,60348,1396,44666,14286,110.913855,2.313249818
2020-11-09,61377,1420,45756,14201,112.8050586,2.31357023
2020-11-10,61975,1437,46661,13877,113.9041254,2.318676886
2020-11-11,63241,1461,47411,14369,116.2309124,2.310210148
2020-11-12,64453,1480,48532,14441,118.4584525,2.296246878
2020-11-13,65598,1508,49563,14527,120.5628531,2.298850575
2020-11-14,66734,1534,50336,14864,122.6507125,2.298678335
2020-11-15,68011,1552,51362,15097,124.9977164,2.281983797
2020-11-16,68994,1577,52351,15066,126.8043764,2.285706003
2020-11-17,70161,1599,53299,15263,128.9492109,2.279043913
2020-11-18,71730,1625,54274,15831,131.8328829,2.265439844
2020-11-19,73322,1650,54764,16908,134.7588267,2.250347781
2020-11-20,74882,1676,55633,17573,137.6259576,2.238188083
2020-11-21,76414,1695,56601,18118,140.4416271,2.218179915
2020-11-22,77848,1722,57679,18447,143.077182,2.212002877
2020-11-23,79246,1739,58758,18749,145.6465724,2.194432527
2020-11-24,80505,1765,59888,18852,147.960494,2.192410409
2020-11-25,82236,1784,60965,19487,151.1419065,2.169366214
2020-11-26,83566,1810,63366,18390,153.5863194,2.16595266
2020-11-27,85205,1846,64645,18714,156.5986447,2.166539522
2020-11-28,86633,1865,65972,18796,159.2231722,2.152759341
2020-11-29,87977,1887,67588,18502,161.6933157,2.144878775
2020-11-30,89486,1918,68910,18658,164.4667135,2.143352033
2020-12-01,90713,1941,70156,18616,166.7218222,2.139715366
2020-12-02,92189,1972,71343,18874,169.4345691,2.139083839
2020-12-03,93600,1998,72601,19001,172.0278522,2.134615385
2020-12-04,95018,2028,73748,19242,174.6340006,2.134332442
2020-12-05,96520,2059,74973,19488,177.3945331,2.133236635
2020-12-06,98047,2081,76382,19584,180.2010131,2.122451477
2020-12-07,99155,2110,77636,19409,182.2374112,2.127981443
2020-12-08,100431,2132,79240,19059,184.5825772,2.122850514
2020-12-09,101739,2151,80726,18862,186.9865561,2.11423348
2020-12-10,103166,2174,81715,19277,189.6092457,2.107283407
2020-12-11,104487,2201,82813,19473,192.0371174,2.106482146
2020-12-12,105863,2220,84338,19305,194.5660739,2.097049961
2020-12-13,107215,2245,85406,19564,197.0509206,2.093923425
2020-12-14,108342,2268,86795,19279,199.1222389116195,2.093370991859113
2020-12-15,109512,2292,88131,19089,201.27258706401278,2.0929213236905544
2020-12-16,110667,2319,89418,18930,203.39536665034973,2.095475616037301
2020-12-17,111900,2346,90453,19101,205.6615027801796,2.096514745308311
2020-12-18,113082,2377,91537,19168,207.833905785418,2.1020144673776553
2020-12-19,114198,2398,92916,18884,209.8850071000085,2.0998616438116255
2020-12-20,115187,2424,94118,18645,211.70269455532213,2.104404142828618
2020-12-21,116134,2443,95387,18304,213.4431900256781,2.103604456920454
2020-12-22,116982,2465,96685,17832,215.0017329600623,2.107161785573849
2020-12-23,117946,2484,97819,17643,216.7734728052821,2.106048530683533
2020-12-24,118869,2507,99325,17037,218.4698585699479,2.1090444102331136
2020-12-25,119788,2532,99927,17329,220.15889271699868,2.1137342638661636
2020-12-26,120546,2552,100940,17054,221.55202425504498,2.117034161233056
2020-12-27,121280,2579,102163,16538,222.90104608740108,2.1264841688654355
2020-12-28,121886,2601,103223,16062,224.01481615607662,2.1339612424724743
2020-12-29,122534,2618,104351,15565,225.20577820970985,2.1365498555502964
2020-12-30,123153,2637,105279,15237,226.34344103563413,2.141238946676086
2020-12-31,123740,2664,106121,14955,227.42229092063832,2.1529012445450135
2021-01-01,124630,2682,107069,14879,229.05802583998025,2.1519698306988686
2021-01-02,125042,2697,107777,14568,229.8152424543273,2.156875289902593
2021-01-03,125616,2711,108660,14245,230.8701995820826,2.1581645650235637